{
 "cells": [
  {
   "cell_type": "code",
   "execution_count": 1,
   "id": "51fdb8cd",
   "metadata": {},
   "outputs": [],
   "source": [
    "import numpy as np"
   ]
  },
  {
   "cell_type": "code",
   "execution_count": 61,
   "id": "b2cd1ed6",
   "metadata": {},
   "outputs": [
    {
     "data": {
      "text/plain": [
       "((9, 3),\n",
       " array([[ 148.       ,   24.       , 1385.       ],\n",
       "        [ 132.       ,   25.       , 2031.       ],\n",
       "        [ 453.       ,   11.       ,   86.       ],\n",
       "        [ 158.       ,   24.       ,  105.       ],\n",
       "        [ 172.       ,   25.       ,  201.       ],\n",
       "        [ 413.       ,   11.       ,   86.0002222],\n",
       "        [  38.       ,   54.       ,  185.       ],\n",
       "        [ 142.       ,   25.       ,  431.       ],\n",
       "        [ 453.       ,   31.       ,   86.001    ]]))"
      ]
     },
     "execution_count": 61,
     "metadata": {},
     "output_type": "execute_result"
    }
   ],
   "source": [
    "X = [\n",
    "    [148, 24, 1385],\n",
    "    [132, 25, 2031],\n",
    "    [453, 11, 86],\n",
    "    [158, 24, 105],\n",
    "    [172, 25, 201],\n",
    "    [413, 11, 86.0002222],\n",
    "    [38,  54, 185],\n",
    "    [142, 25, 431],\n",
    "    [453, 31, 86.001],\n",
    "]\n",
    "X = np.array(X)\n",
    "X.shape, X"
   ]
  },
  {
   "cell_type": "code",
   "execution_count": 62,
   "id": "ae860626",
   "metadata": {},
   "outputs": [],
   "source": [
    "ones = np.ones(X.shape[0])\n",
    "X = np.column_stack([ones, X])\n",
    "y = [10000, 20000, 15000, 20050, 10000, 20000, 15000, 25000, 12000]"
   ]
  },
  {
   "cell_type": "code",
   "execution_count": 63,
   "id": "3348ef3d",
   "metadata": {},
   "outputs": [
    {
     "data": {
      "text/plain": [
       "array([[9.00000000e+00, 2.10900000e+03, 2.30000000e+02, 4.59600122e+03],\n",
       "       [2.10900000e+03, 6.96471000e+05, 4.41150000e+04, 7.05900545e+05],\n",
       "       [2.30000000e+02, 4.41150000e+04, 7.14600000e+03, 1.16883033e+05],\n",
       "       [4.59600122e+03, 7.05900545e+05, 1.16883033e+05, 6.33678621e+06]])"
      ]
     },
     "execution_count": 63,
     "metadata": {},
     "output_type": "execute_result"
    }
   ],
   "source": [
    "XTX = X.T.dot(X)\n",
    "XTX"
   ]
  },
  {
   "cell_type": "code",
   "execution_count": 64,
   "id": "926ff1dd",
   "metadata": {},
   "outputs": [
    {
     "data": {
      "text/plain": [
       "array([[ 3.21929032e+00, -5.25373550e-03, -6.09534437e-02,\n",
       "        -6.25368122e-04],\n",
       "       [-5.25373550e-03,  1.09319214e-05,  8.47794919e-05,\n",
       "         1.02891925e-06],\n",
       "       [-6.09534437e-02,  8.47794919e-05,  1.44603993e-03,\n",
       "         8.09222164e-06],\n",
       "       [-6.25368122e-04,  1.02891925e-06,  8.09222164e-06,\n",
       "         3.47500216e-07]])"
      ]
     },
     "execution_count": 64,
     "metadata": {},
     "output_type": "execute_result"
    }
   ],
   "source": [
    "XTX_inv = np.linalg.inv(XTX)\n",
    "XTX_inv"
   ]
  },
  {
   "cell_type": "code",
   "execution_count": 65,
   "id": "44a34ddc",
   "metadata": {},
   "outputs": [
    {
     "data": {
      "text/plain": [
       "array([4.21856929e+11, 7.73500750e+13, 1.04131388e+13, 5.06879493e+14])"
      ]
     },
     "execution_count": 65,
     "metadata": {},
     "output_type": "execute_result"
    }
   ],
   "source": [
    "w_full = XTX.dot(X.T).dot(y)\n",
    "w_full"
   ]
  },
  {
   "cell_type": "code",
   "execution_count": 66,
   "id": "5fe406b0",
   "metadata": {},
   "outputs": [
    {
     "data": {
      "text/plain": [
       "(np.float64(421856929230.4791),\n",
       " array([7.73500750e+13, 1.04131388e+13, 5.06879493e+14]))"
      ]
     },
     "execution_count": 66,
     "metadata": {},
     "output_type": "execute_result"
    }
   ],
   "source": [
    "w0 = w_full[0]\n",
    "w = w_full[1:]\n",
    "w0, w"
   ]
  },
  {
   "cell_type": "code",
   "execution_count": 67,
   "id": "b76e804f",
   "metadata": {},
   "outputs": [],
   "source": [
    "def train_linear_regression(X, y):\n",
    "    ones = np.ones(X.shape[0])\n",
    "    X = np.column_stack([ones, X])\n",
    "\n",
    "    XTX = X.T.dot(X)\n",
    "    XTX_inv = np.linalg.inv(XTX)\n",
    "    w_full = XTX_inv.dot(X.T).dot(y)\n",
    "\n",
    "    return w_full[0], w_full[1:]"
   ]
  },
  {
   "cell_type": "code",
   "execution_count": 68,
   "id": "06f0cf4f",
   "metadata": {},
   "outputs": [
    {
     "data": {
      "text/plain": [
       "(np.float64(3.4248876315982214e+20),\n",
       " array([-2.59706973e+20, -2.24049712e+02, -2.83214515e+03,  0.00000000e+00]))"
      ]
     },
     "execution_count": 68,
     "metadata": {},
     "output_type": "execute_result"
    }
   ],
   "source": [
    "train_linear_regression(X, y)"
   ]
  },
  {
   "cell_type": "code",
   "execution_count": null,
   "id": "7506fe19",
   "metadata": {},
   "outputs": [],
   "source": []
  }
 ],
 "metadata": {
  "kernelspec": {
   "display_name": ".venv",
   "language": "python",
   "name": "python3"
  },
  "language_info": {
   "codemirror_mode": {
    "name": "ipython",
    "version": 3
   },
   "file_extension": ".py",
   "mimetype": "text/x-python",
   "name": "python",
   "nbconvert_exporter": "python",
   "pygments_lexer": "ipython3",
   "version": "3.11.1"
  }
 },
 "nbformat": 4,
 "nbformat_minor": 5
}
